%YAML:1.0
rotation: !!opencv-matrix
   rows: 3
   cols: 3
   dt: d
   data: [ 9.9998205345170499e-01, -4.9824743024534162e-03,
       3.3268189516041350e-03, 4.9252964686093475e-03,
       9.9984370791507582e-01, 1.6979434540903168e-02,
       -3.4108985924042631e-03, -1.6962744249027117e-02,
       9.9985030433477118e-01 ]
translation: !!opencv-matrix
   rows: 3
   cols: 1
   dt: d
   data: [ -5.2084807699652604e-02, 6.5966698607243946e-04,
       -4.6462706342081852e-04 ]
essential: !!opencv-matrix
   rows: 3
   cols: 3
   dt: d
   data: [ 3.8368840436842386e-08, 4.5336468351409091e-04,
       6.6745734159341576e-04, -6.4227472223717748e-04,
       -8.8118627986524681e-04, 5.2075465099595673e-02,
       -9.1618826675831126e-04, -5.2073380482658069e-02,
       -8.8656517554279403e-04 ]
fundamental: !!opencv-matrix
   rows: 3
   cols: 3
   dt: d
   data: [ 2.7652404227489358e-11, 3.2736116185814381e-07,
       1.1351221087493942e-04, -4.6249265880911860e-07,
       -6.3573626322277871e-07, 1.4406225950603377e-02,
       -4.9328547261193742e-04, -4.1790066694407040e-02, 1. ]
