%YAML:1.0
depthShift: 3.3977826234043540e+01
