%YAML:1.0
cameraMatrix: !!opencv-matrix
   rows: 3
   cols: 3
   dt: d
   data: [ 1.1117750876843847e+03, 0., 9.7039773882304667e+02, 0.,
       1.1127232105760970e+03, 5.2074876470451545e+02, 0., 0., 1. ]
distortionCoefficients: !!opencv-matrix
   rows: 1
   cols: 5
   dt: d
   data: [ 1.3046422327508625e-01, -1.9287201471821680e-01,
       -7.5244600135397355e-03, -3.7174965610578575e-03,
       1.1267235735941762e-01 ]
rotation: !!opencv-matrix
   rows: 3
   cols: 3
   dt: d
   data: [ 1., 0., 0., 0., 1., 0., 0., 0., 1. ]
projection: !!opencv-matrix
   rows: 4
   cols: 4
   dt: d
   data: [ 1.1117750876843847e+03, 0., 9.7039773882304667e+02, 0., 0.,
       1.1127232105760970e+03, 5.2074876470451545e+02, 0., 0., 0., 1.,
       0., 0., 0., 0., 1. ]
