%YAML:1.0
cameraMatrix: !!opencv-matrix
   rows: 3
   cols: 3
   dt: d
   data: [ 3.7755831171941901e+02, 0., 2.5081116369567494e+02, 0.,
       3.7684155800372753e+02, 2.0802730242827619e+02, 0., 0., 1. ]
distortionCoefficients: !!opencv-matrix
   rows: 1
   cols: 5
   dt: d
   data: [ 1.2596462690214771e-01, -2.7208645923435654e-01,
       -2.5699698990239769e-03, -1.6359612361771167e-03,
       4.4128314642122843e-02 ]
rotation: !!opencv-matrix
   rows: 3
   cols: 3
   dt: d
   data: [ 1., 0., 0., 0., 1., 0., 0., 0., 1. ]
projection: !!opencv-matrix
   rows: 4
   cols: 4
   dt: d
   data: [ 3.7755831171941901e+02, 0., 2.5081116369567494e+02, 0., 0.,
       3.7684155800372753e+02, 2.0802730242827619e+02, 0., 0., 0., 1.,
       0., 0., 0., 0., 1. ]
